=== SG03BD C DIAGNOSTIC ===

N = 3
M = 1
DICO = C
FACT = N
TRANS = N

INPUT A matrix:
 -1.0000000000000000E+00  3.0000000000000000E+00 -4.0000000000000000E+00
  0.0000000000000000E+00  5.0000000000000000E+00 -2.0000000000000000E+00
 -4.0000000000000000E+00  4.0000000000000000E+00  1.0000000000000000E+00

INPUT E matrix:
  2.0000000000000000E+00  1.0000000000000000E+00  3.0000000000000000E+00
  2.0000000000000000E+00  0.0000000000000000E+00  1.0000000000000000E+00
  4.0000000000000000E+00  5.0000000000000000E+00  1.0000000000000000E+00

INPUT B matrix:
  2.0000000000000000E+00 -1.0000000000000000E+00  7.0000000000000000E+00

DEBUG: Z matrix before B*Z (first 3 rows, 3 cols):
  6.6368757407240220E-01 -7.3637020060154823E-01 -1.3144478570078172E-01
  7.2835626376293106E-01  6.7621050065479948E-01 -1.1061876803457943E-01
 -1.7034070875510793E-01  2.2322331200392721E-02 -9.8513235479837269E-01

DEBUG: B before B*Z (first 1 rows, 3 cols):
  2.0000000000000000E+00 -1.0000000000000000E+00  7.0000000000000000E+00

DEBUG: B after B*Z transformation (first 1 rows, 3 cols):
 -5.9336607690388221E-01 -1.9926945834551471E+00 -7.0481972869555927E+00

DEBUG: B after DGEQRF (first 1 rows, 3 cols):
 -5.9336607690388221E-01 -1.9926945834551471E+00 -7.0481972869555927E+00

DEBUG: A matrix before SG03BV/SG03BU (first 3 rows, 3 cols):
  1.3314000186975228E+00  6.6550163908352582E+00  2.9461853880656347E-01
 -4.3528459311677690E+00 -2.4861041185802919E+00 -3.0808431031912580E+00
  0.0000000000000000E+00  0.0000000000000000E+00 -2.6891922819186753E+00

DEBUG: E matrix before SG03BV/SG03BU (first 3 rows, 3 cols):
  6.4230110144790196E+00 -0.0000000000000000E+00 -2.9940297666669347E+00
  0.0000000000000000E+00  1.6869029484790077E+00  1.9525152490468001E+00
  0.0000000000000000E+00  0.0000000000000000E+00  2.0304575614491518E+00

DEBUG: B matrix before SG03BV/SG03BU (first 1 rows, 3 cols):
  5.9336607690388221E-01  1.9926945834551471E+00  7.0481972869555927E+00

=== SG03BV C DEBUG ===
INPUT: N=3, TRANS=N
INPUT B (first 3x3):
  5.9336607690388221E-01  1.9926945834551471E+00  7.0481972869555927E+00
  0.0000000000000000E+00  0.0000000000000000E+00  0.0000000000000000E+00
  0.0000000000000000E+00  0.0000000000000000E+00  0.0000000000000000E+00
sqtwo = 1.4142135623730951E+00
eps = 2.2204460492503131E-16
smlnum = 1.0020841800044864E-292
bignum = 9.9792015476735991E+291

========== ITERATION KL=0, KH=1, KB=2 ==========

DEBUG: B diagonal before KB block processing:
  B[0,0] = 5.9336607690388221E-01
  B[1,1] = 0.0000000000000000E+00
  B[2,2] = 0.0000000000000000E+00
DEBUG: KB=2 block at KL=0, KH=1
  Before SG03BX:
    a[0,0] = 1.3314000186975228E+00, a[0,1] = 6.6550163908352582E+00
    a[1,0] = -4.3528459311677690E+00, a[1,1] = -2.4861041185802919E+00
    b[0,0] = 5.9336607690388221E-01, b[0,1] = 1.9926945834551471E+00
    b[1,0] = 0.0000000000000000E+00, b[1,1] = 0.0000000000000000E+00
  After SG03BX: scale1 = 1.0000000000000000E+00
    ui = [2.7741750308748786E-01, 1.0755043543756217E-01; 0.0000000000000000E+00, 7.3601394579338375E-01]
    m1 = [-5.5446020525197759E-02, 1.2797327776604364E+00; -1.7979881024556144E+00, -1.2110363337820296E+00]
    m2 = [3.3300456611042994E-01, 1.5563009566160588E+00; 0.0000000000000000E+00, 0.0000000000000000E+00]

DEBUG: Computing Y matrix (kh=1 < n-1=2, nkh=1)
  After B*m2 -> uiipt
  After A*ui added to uiipt
  After ui*m1 -> tm
  After E*tm added to uiipt (Y computed)

DEBUG: Y vector (dwork[ypt]) before wpt*m2:
  Y[0] = 7.0481972869555927E+00

DEBUG: WPT matrix (nkh=1, kb=2):
   0.0000000000000000E+00 0.0000000000000000E+00

DEBUG: M2 matrix (kb=2):
   3.3300456611042994E-01 1.5563009566160588E+00
   0.0000000000000000E+00 0.0000000000000000E+00

DEBUG: Y vector (dwork[ypt]) after wpt*m2 (final Y):
  Y[0] = 7.0481972869555927E+00
DEBUG: ypt offset=8, ldws=2

DEBUG QR: Starting QR factorization (nkh=1, kb=2)
  B diagonal before QR:
    B[2,2] = 0.0000000000000000E+00

--- QR ITERATION J=0 (processing column 0) ---
  I=0: X=b[2,2]=0.0000000000000000E+00, T=dwork[8]=7.0481972869555927E+00
       DLARTG output: R=7.04819MB01UY DEBUG: m=3, n=3, ldt=20, lda=20
  T before (diagonal): [0.277418, 0.736014, 2.132825]
  DWORK after DLACPY from A:
   0.2405  -0.4325  -0.8690
   0.1801  -0.8598   0.4778
   0.9538   0.2714   0.1289
  DWORK after DTRMM:
   0.0202  -0.3183  -1.8534
  -0.0425  -0.6328   1.0190
   0.2938   0.1998   0.2749
  T after DLACPY from DWORK:
   0.0202  -0.3183  -1.8534
  -0.0425  -0.6328   1.0190
   0.2938   0.1998   0.2749
72869555927E+00, C=0.0000000000000000E+00, S=1.0000000000000000E+00
       Set b[2,2] = 7.0481972869555927E+00
  After J=0 iteration, B diagonal:
    B[2,2] = 7.0481972869555927E+00

--- QR ITERATION J=1 (processing column 1) ---
  I=0: X=b[2,2]=7.0481972869555927E+00, T=dwork[10]=0.0000000000000000E+00
       DLARTG output: R=7.0481972869555927E+00, C=1.0000000000000000E+00, S=0.0000000000000000E+00
       Set b[2,2] = 7.0481972869555927E+00
  After J=1 iteration, B diagonal:
    B[2,2] = 7.0481972869555927E+00

DEBUG: Copying UI (2x2) to B[0:1,0:1]
  UI matrix:
    UI[0,0] = 2.7741750308748786E-01
    UI[0,1] = 1.0755043543756217E-01
    UI[1,0] = 0.0000000000000000E+00
    UI[1,1] = 7.3601394579338375E-01

DEBUG: B diagonal after KB block processing and DLACPY:
  B[0,0] = 2.7741750308748786E-01
  B[1,1] = 7.3601394579338375E-01
  B[2,2] = 7.0481972869555927E+00

========== ITERATION KL=2, KH=2, KB=1 ==========

DEBUG: B diagonal before KB block processing:
  B[0,0] = 2.7741750308748786E-01
  B[1,1] = 7.3601394579338375E-01
  B[2,2] = 7.0481972869555927E+00
DEBUG: KB=1 block at KL=2
  a[2,2] = -2.6891922819186753E+00
  e[2,2] = 2.0304575614491518E+00
  b[2,2] = 7.0481972869555927E+00
  delta1 (before sqrt) = 2.6891922819186753E+00
  delta1 (after sqrt) = 2.3367265143812772E+00
  t = 4.9942152916119634E-292
  ui[0] = 2.1328247298407335E+00
  m1[0] = -1.3244267366018623E+00
  m2[0] = 1.6275298686057116E+00

DEBUG: Copying UI (1x1) to B[2:2,2:2]
  UI matrix:
    UI[0,0] = 2.1328247298407335E+00

DEBUG: B diagonal after KB block processing and DLACPY:
  B[0,0] = 2.7741750308748786E-01
  B[1,1] = 7.3601394579338375E-01
  B[2,2] = 2.1328247298407335E+00

DEBUG: B after sg03bv/before transformations:
  1.8806158873577259E+00 -8.9760223792009752E-01 -3.0154225197192952E-01
  0.0000000000000000E+00  7.9687013740302981E-01 -1.6249495726561322E-01
  0.0000000000000000E+00  0.0000000000000000E+00  2.9059451776903222E-01

INFO = 0

SCALE =  1.0000000000000000E+00

OUTPUT U matrix (Cholesky factor):
  1.8806158873577259E+00 -8.9760223792009752E-01 -3.0154225197192952E-01
  0.0000000000000000E+00  7.9687013740302981E-01 -1.6249495726561322E-01
  0.0000000000000000E+00  0.0000000000000000E+00  2.9059451776903222E-01

ALPHAR eigenvalues:
 -1.6656768565030018E+00 -7.8723790011525874E-01 -2.6891922819186753E+00

ALPHAI eigenvalues:
  3.6892195317812524E+00 -1.7436115690297080E+00  0.0000000000000000E+00

BETA values:
  2.6303988379121725E+00  1.2431881067081774E+00  2.0304575614491518E+00

OUTPUT A matrix (Schur form):
  1.3314000186975228E+00  6.6550163908352582E+00  2.9461853880656347E-01
 -4.3528459311677690E+00 -2.4861041185802919E+00 -3.0808431031912580E+00
  0.0000000000000000E+00  0.0000000000000000E+00 -2.6891922819186753E+00

OUTPUT E matrix (triangular):
  6.4230110144790196E+00 -0.0000000000000000E+00 -2.9940297666669347E+00
  0.0000000000000000E+00  1.6869029484790077E+00  1.9525152490468001E+00
  0.0000000000000000E+00  0.0000000000000000E+00  2.0304575614491518E+00

OUTPUT Q matrix (orthogonal):
  2.4049612902114978E-01 -4.3248659183678972E-01 -8.6897466004898027E-01
  1.8013894679325013E-01 -8.5981121279707895E-01  4.7778095210738025E-01
  9.5378801196810048E-01  2.7144064955311009E-01  1.2887358921099576E-01

OUTPUT Z matrix (orthogonal):
  6.6368757407240220E-01 -7.3637020060154823E-01 -1.3144478570078172E-01
  7.2835626376293106E-01  6.7621050065479948E-01 -1.1061876803457943E-01
 -1.7034070875510793E-01  2.2322331200392721E-02 -9.8513235479837269E-01
